12.900000000000752 25.800000000001504
-13.19999999999962 -26.39999999999924
-26.299999999999805 -52.59999999999961
-23.499999999999766 -46.99999999999953
35.70000000000107 71.40000000000214
20.900000000000865 41.80000000000173
31.90000000000103 63.80000000000206
-28.899999999999842 -57.799999999999685
-16.09999999999966 -32.19999999999932
31.00000000000101 62.00000000000202
-34.699999999999925 -69.39999999999985
-3.199999999999477 -6.399999999998954
-6.299999999999521 -12.599999999999042
19.600000000000847 39.200000000001694
20.50000000000086 41.00000000000172
5.900000000000652 11.800000000001305
13.600000000000762 27.200000000001523
38.1000000000011 76.2000000000022
8.900000000000695 17.80000000000139
11.000000000000725 22.00000000000145
-38.999999999999986 -77.99999999999997
34.100000000001046 68.20000000000209
15.800000000000793 31.600000000001586
-33.69999999999991 -67.39999999999982
13.000000000000753 26.000000000001506
-38.299999999999976 -76.59999999999995
4.400000000000631 8.800000000001262
-34.19999999999992 -68.39999999999984
-14.899999999999643 -29.799999999999287
-36.99999999999996 -73.99999999999991
-37.39999999999996 -74.79999999999993
-31.899999999999885 -63.79999999999977
28.20000000000097 56.40000000000194
-25.29999999999979 -50.59999999999958
20.100000000000854 40.20000000000171
-21.299999999999734 -42.59999999999947
-32.599999999999895 -65.19999999999979
13.600000000000762 27.200000000001523
26.20000000000094 52.40000000000188
37.30000000000109 74.60000000000218
-6.499999999999524 -12.999999999999048
35.70000000000107 71.40000000000214
-30.599999999999866 -61.19999999999973
-23.19999999999976 -46.39999999999952
-24.59999999999978 -49.19999999999956
8.000000000000682 16.000000000001364
-26.299999999999805 -52.59999999999961
30.600000000001003 61.20000000000201
-14.899999999999643 -29.799999999999287
-7.0999999999995325 -14.199999999999065
18.30000000000083 36.60000000000166
-34.19999999999992 -68.39999999999984
-24.099999999999774 -48.19999999999955
19.20000000000084 38.40000000000168
-32.699999999999896 -65.39999999999979
-12.59999999999961 -25.19999999999922
30.900000000001 61.800000000002
-33.79999999999991 -67.59999999999982
-13.29999999999962 -26.59999999999924
-17.59999999999968 -35.19999999999936
-36.59999999999995 -73.1999999999999
-11.699999999999598 -23.399999999999196
17.00000000000081 34.00000000000162
15.60000000000079 31.20000000000158
25.500000000000938 51.000000000001876
-5.299999999999507 -10.599999999999014
11.800000000000736 23.600000000001472
-29.39999999999985 -58.7999999999997
-11.7999999999996 -23.5999999999992
30.300000000001006 60.60000000000201
-27.29999999999982 -54.59999999999964
13.400000000000759 26.800000000001518
-28.199999999999832 -56.399999999999665
15.300000000000786 30.60000000000157
16.500000000000803 33.000000000001606
39.200000000001125 78.40000000000225
5.0000000000006395 10.000000000001279
1.0000000000005826 2.0000000000011653
35.900000000001086 71.80000000000217
-11.999999999999602 -23.999999999999204
16.90000000000081 33.80000000000162
-7.499999999999538 -14.999999999999076
-37.29999999999996 -74.59999999999992
-6.699999999999527 -13.399999999999054
-21.499999999999737 -42.999999999999474
4.800000000000637 9.600000000001273
15.700000000000792 31.400000000001583
-8.499999999999552 -16.999999999999105
-9.499999999999567 -18.999999999999133
-33.1999999999999 -66.3999999999998
24.80000000000092 49.60000000000184
-28.599999999999838 -57.199999999999676
16.100000000000797 32.200000000001594
6.400000000000659 12.800000000001319
-26.59999999999981 -53.19999999999962
5.500000000000647 11.000000000001293
31.100000000001017 62.200000000002035
31.00000000000101 62.00000000000202
-33.399999999999906 -66.79999999999981
31.90000000000103 63.80000000000206
33.90000000000106 67.80000000000211
-6.699999999999527 -13.399999999999054
-12.199999999999605 -24.39999999999921
25.500000000000938 51.000000000001876
16.4000000000008 32.8000000000016
13.50000000000076 27.00000000000152
6.2000000000006565 12.400000000001313
-29.699999999999854 -59.39999999999971
-1.8999999999994586 -3.799999999998917
-34.799999999999926 -69.59999999999985
-27.39999999999982 -54.79999999999964
31.100000000001017 62.200000000002035
30.600000000001003 61.20000000000201
-0.7999999999994429 -1.5999999999988859
17.70000000000082 35.40000000000164
26.000000000000938 52.000000000001876
1.2000000000005855 2.400000000001171
3.6000000000006196 7.200000000001239
-18.19999999999969 -36.39999999999938
-11.499999999999595 -22.99999999999919
-28.299999999999834 -56.59999999999967
-30.399999999999864 -60.79999999999973
-35.399999999999935 -70.79999999999987
-1.1999999999994486 -2.3999999999988972
18.700000000000834 37.40000000000167
-9.09999999999956 -18.19999999999912
-27.699999999999825 -55.39999999999965
-13.29999999999962 -26.59999999999924
-37.89999999999997 -75.79999999999994
-2.999999999999474 -5.999999999998948
-38.79999999999998 -77.59999999999997
18.200000000000827 36.400000000001654
33.70000000000104 67.40000000000208
-33.0999999999999 -66.1999999999998
-15.699999999999655 -31.39999999999931
-18.19999999999969 -36.39999999999938
19.300000000000843 38.600000000001685
13.50000000000076 27.00000000000152
9.000000000000696 18.000000000001393
-17.699999999999683 -35.399999999999366
5.500000000000647 11.000000000001293
-33.399999999999906 -66.79999999999981
25.500000000000938 51.000000000001876
-37.89999999999997 -75.79999999999994
-33.0999999999999 -66.1999999999998
-1.0999999999994472 -2.1999999999988944
14.20000000000077 28.40000000000154
12.300000000000743 24.600000000001486
36.00000000000108 72.00000000000216
26.600000000000946 53.20000000000189
-26.799999999999812 -53.599999999999625
-11.599999999999596 -23.199999999999193
21.20000000000087 42.40000000000174
-16.499999999999666 -32.99999999999933
0.4000000000005741 0.8000000000011482
-21.899999999999743 -43.799999999999486
-32.8999999999999 -65.7999999999998
-24.199999999999775 -48.39999999999955
2.6000000000006054 5.200000000001211
-1.0999999999994472 -2.1999999999988944
39.00000000000112 78.00000000000225
23.200000000000898 46.400000000001796
-32.49999999999989 -64.99999999999979
-13.799999999999628 -27.599999999999255
8.100000000000684 16.200000000001367
-9.79999999999957 -19.59999999999914
4.100000000000627 8.200000000001253
14.600000000000776 29.200000000001552
-1.29999999999945 -2.5999999999989
-18.19999999999969 -36.39999999999938
-23.399999999999764 -46.79999999999953
-1.8999999999994586 -3.799999999998917
-29.49999999999985 -58.9999999999997
-35.69999999999994 -71.39999999999988
14.800000000000779 29.600000000001558
13.100000000000755 26.20000000000151
39.90000000000114 79.80000000000229
-29.39999999999985 -58.7999999999997
-30.89999999999987 -61.79999999999974
-19.399999999999707 -38.799999999999415
-6.599999999999525 -13.19999999999905
-2.3999999999994657 -4.799999999998931
-30.699999999999868 -61.399999999999736
-3.7999999999994856 -7.599999999998971
-30.89999999999987 -61.79999999999974
-32.39999999999989 -64.79999999999978
33.50000000000105 67.0000000000021
33.80000000000105 67.6000000000021
-35.99999999999994 -71.99999999999989
26.100000000000932 52.200000000001864
28.500000000000966 57.00000000000193
-13.899999999999629 -27.799999999999258
23.200000000000898 46.400000000001796
11.300000000000729 22.600000000001458
14.300000000000772 28.600000000001543
29.400000000000986 58.80000000000197
-19.49999999999971 -38.99999999999942
8.50000000000069 17.00000000000138
-29.999999999999858 -59.999999999999716
6.000000000000654 12.000000000001307
-2.2999999999994643 -4.5999999999989285
-36.69999999999995 -73.3999999999999
14.100000000000769 28.200000000001538
-23.19999999999976 -46.39999999999952
2.8000000000006082 5.6000000000012164
18.30000000000083 36.60000000000166
33.20000000000104 66.40000000000208
36.7000000000011 73.4000000000022
33.80000000000105 67.6000000000021
0.4000000000005741 0.8000000000011482
-2.199999999999463 -4.399999999998926
-5.699999999999513 -11.399999999999025
-24.699999999999783 -49.399999999999565
5.800000000000651 11.600000000001302
-17.699999999999683 -35.399999999999366
-3.9999999999994884 -7.999999999998977
-25.29999999999979 -50.59999999999958
39.10000000000113 78.20000000000226
-29.599999999999852 -59.199999999999704
34.60000000000106 69.20000000000212
29.400000000000986 58.80000000000197
-0.1999999999994344 -0.3999999999988688
-6.099999999999518 -12.199999999999037
-19.59999999999971 -39.19999999999942
35.100000000001074 70.20000000000215
-0.6999999999994415 -1.399999999998883
-31.999999999999886 -63.99999999999977
24.80000000000092 49.60000000000184
-31.199999999999875 -62.39999999999975
-28.79999999999984 -57.59999999999968
-16.299999999999663 -32.599999999999326
7.000000000000668 14.000000000001336
28.400000000000972 56.800000000001944
-3.4999999999994813 -6.999999999998963
-4.299999999999493 -8.599999999998985
-37.599999999999966 -75.19999999999993
-27.499999999999822 -54.999999999999645
-3.5999999999994827 -7.1999999999989654
26.000000000000938 52.000000000001876
-22.799999999999756 -45.59999999999951
-4.599999999999497 -9.199999999998994
30.200000000000998 60.400000000001995
17.60000000000082 35.20000000000164
28.400000000000972 56.800000000001944
-35.79999999999994 -71.59999999999988
-37.99999999999997 -75.99999999999994
-24.999999999999787 -49.999999999999574
38.50000000000111 77.00000000000222
17.500000000000817 35.000000000001634
-16.79999999999967 -33.59999999999934
10.00000000000071 20.00000000000142
19.300000000000843 38.600000000001685
21.600000000000875 43.20000000000175
-26.099999999999802 -52.199999999999605
-5.1999999999995055 -10.399999999999011
17.10000000000081 34.20000000000162
3.3000000000006153 6.600000000001231
33.300000000001035 66.60000000000207
14.90000000000078 29.80000000000156
-18.599999999999696 -37.19999999999939
-5.599999999999511 -11.199999999999022
9.500000000000703 19.000000000001407
-30.299999999999862 -60.599999999999724
-16.79999999999967 -33.59999999999934
-29.599999999999852 -59.199999999999704
1.9000000000005954 3.800000000001191
2.1000000000005983 4.2000000000011966
16.500000000000803 33.000000000001606
36.7000000000011 73.4000000000022
9.2000000000007 18.4000000000014
17.60000000000082 35.20000000000164
-21.399999999999736 -42.79999999999947
0.5000000000005755 1.000000000001151
4.400000000000631 8.800000000001262
-5.799999999999514 -11.599999999999028
-6.3999999999995225 -12.799999999999045
-37.99999999999997 -75.99999999999994
35.20000000000107 70.40000000000214
-35.19999999999993 -70.39999999999986
6.300000000000658 12.600000000001316
-29.199999999999847 -58.39999999999969
-31.999999999999886 -63.99999999999977
-18.399999999999693 -36.799999999999386
23.800000000000907 47.60000000000181
-18.9999999999997 -37.9999999999994
-1.8999999999994586 -3.799999999998917
-15.899999999999658 -31.799999999999315
-29.599999999999852 -59.199999999999704
12.10000000000074 24.20000000000148
-33.999999999999915 -67.99999999999983
-20.799999999999727 -41.599999999999454
0.8000000000005798 1.6000000000011596
9.2000000000007 18.4000000000014
-28.299999999999834 -56.59999999999967
37.2000000000011 74.4000000000022
21.000000000000867 42.000000000001734
-35.89999999999994 -71.79999999999988
-39.39999999999999 -78.79999999999998
-8.599999999999554 -17.199999999999108
-16.399999999999665 -32.79999999999933
-5.49999999999951 -10.99999999999902
27.500000000000966 55.00000000000193
21.30000000000087 42.60000000000174
13.300000000000757 26.600000000001515
-8.699999999999555 -17.39999999999911
3.500000000000618 7.000000000001236
23.600000000000904 47.20000000000181
-3.899999999999487 -7.799999999998974
18.40000000000083 36.80000000000166
-36.39999999999995 -72.7999999999999
16.600000000000804 33.20000000000161
-25.799999999999798 -51.599999999999596
-20.99999999999973 -41.99999999999946
-13.499999999999623 -26.999999999999247
38.700000000001125 77.40000000000225
-37.39999999999996 -74.79999999999993
32.50000000000102 65.00000000000205
7.700000000000678 15.400000000001356
-9.599999999999568 -19.199999999999136
-22.799999999999756 -45.59999999999951
-30.999999999999872 -61.999999999999744
18.40000000000083 36.80000000000166
-9.999999999999574 -19.999999999999147
32.70000000000104 65.40000000000208
2.300000000000601 4.600000000001202
-7.499999999999538 -14.999999999999076
-19.099999999999703 -38.199999999999406
17.400000000000816 34.80000000000163
31.80000000000102 63.60000000000204
11.000000000000725 22.00000000000145
-33.299999999999905 -66.59999999999981
29.500000000000995 59.00000000000199
33.300000000001035 66.60000000000207
-13.899999999999629 -27.799999999999258
3.000000000000611 6.000000000001222
31.90000000000103 63.80000000000206
-20.099999999999717 -40.199999999999434
17.10000000000081 34.20000000000162
2.1000000000005983 4.2000000000011966
11.000000000000725 22.00000000000145
-1.6999999999994557 -3.3999999999989114
-17.999999999999687 -35.999999999999375
-22.599999999999753 -45.199999999999505
-8.199999999999548 -16.399999999999096
12.000000000000739 24.000000000001478
12.000000000000739 24.000000000001478
22.200000000000884 44.40000000000177
34.200000000001054 68.40000000000211
-34.99999999999993 -69.99999999999986
-2.69999999999947 -5.39999999999894
-10.099999999999575 -20.19999999999915
11.100000000000726 22.200000000001452
11.800000000000736 23.600000000001472
39.40000000000113 78.80000000000226
-10.39999999999958 -20.79999999999916
2.500000000000604 5.000000000001208
-29.999999999999858 -59.999999999999716
13.000000000000753 26.000000000001506
35.30000000000106 70.60000000000213
36.60000000000109 73.20000000000218
-11.19999999999959 -22.39999999999918
32.800000000001035 65.60000000000207
-1.29999999999945 -2.5999999999989
-17.199999999999676 -34.39999999999935
4.100000000000627 8.200000000001253
-8.499999999999552 -16.999999999999105
1.9000000000005954 3.800000000001191
-20.499999999999723 -40.999999999999446
-33.79999999999991 -67.59999999999982
34.00000000000105 68.0000000000021
-5.999999999999517 -11.999999999999034
7.100000000000669 14.200000000001339
-38.59999999999998 -77.19999999999996
7.400000000000674 14.800000000001347
-23.299999999999763 -46.599999999999525
3.1000000000006125 6.200000000001225
-25.09999999999979 -50.19999999999958
12.600000000000747 25.200000000001495
38.1000000000011 76.2000000000022
25.700000000000927 51.40000000000185
16.700000000000806 33.40000000000161
35.80000000000108 71.60000000000215
2.9000000000006096 5.800000000001219
-11.7999999999996 -23.5999999999992
-11.499999999999595 -22.99999999999919
-17.699999999999683 -35.399999999999366
34.200000000001054 68.40000000000211
13.800000000000765 27.60000000000153
-24.59999999999978 -49.19999999999956
1.2000000000005855 2.400000000001171
12.000000000000739 24.000000000001478
-32.39999999999989 -64.79999999999978
4.800000000000637 9.600000000001273
-28.999999999999844 -57.99999999999969
-12.59999999999961 -25.19999999999922
2.9000000000006096 5.800000000001219
-1.5999999999994543 -3.1999999999989086
-35.79999999999994 -71.59999999999988
-27.99999999999983 -55.99999999999966
29.500000000000995 59.00000000000199
-1.8999999999994586 -3.799999999998917
-36.99999999999996 -73.99999999999991
5.684341886080801e-13 1.1368683772161603e-12
7.100000000000669 14.200000000001339
31.400000000001015 62.80000000000203
3.1000000000006125 6.200000000001225
31.500000000001023 63.000000000002046
-22.099999999999746 -44.19999999999949
9.2000000000007 18.4000000000014
37.900000000001114 75.80000000000223
37.2000000000011 74.4000000000022
-31.59999999999988 -63.19999999999976
-26.999999999999815 -53.99999999999963
14.90000000000078 29.80000000000156
27.500000000000966 55.00000000000193
-35.59999999999994 -71.19999999999987
36.400000000001086 72.80000000000217
-23.299999999999763 -46.599999999999525
36.30000000000109 72.60000000000218
32.70000000000104 65.40000000000208
-10.899999999999586 -21.799999999999173
-23.299999999999763 -46.599999999999525
32.90000000000103 65.80000000000206
2.500000000000604 5.000000000001208
-22.199999999999747 -44.399999999999494
-34.49999999999992 -68.99999999999984
-25.799999999999798 -51.599999999999596
-28.79999999999984 -57.59999999999968
6.500000000000661 13.000000000001322
37.4000000000011 74.8000000000022
32.00000000000102 64.00000000000205
-30.19999999999986 -60.39999999999972
10.300000000000715 20.60000000000143
10.300000000000715 20.60000000000143
-36.799999999999955 -73.59999999999991
12.200000000000742 24.400000000001484
-17.59999999999968 -35.19999999999936
-1.7999999999994571 -3.5999999999989143
1.0000000000005826 2.0000000000011653
24.400000000000915 48.80000000000183
-23.999999999999773 -47.999999999999545
-14.199999999999633 -28.399999999999267
5.400000000000645 10.80000000000129
-14.399999999999636 -28.799999999999272
-39.09999999999999 -78.19999999999997
20.800000000000864 41.60000000000173
-9.199999999999562 -18.399999999999125
-26.799999999999812 -53.599999999999625
32.90000000000103 65.80000000000206
-16.89999999999967 -33.79999999999934
31.500000000001023 63.000000000002046
-21.59999999999974 -43.19999999999948
-2.2999999999994643 -4.5999999999989285
-20.89999999999973 -41.79999999999946
11.200000000000728 22.400000000001455
35.40000000000107 70.80000000000214
-5.1999999999995055 -10.399999999999011
-2.2999999999994643 -4.5999999999989285
-21.499999999999737 -42.999999999999474
-10.299999999999578 -20.599999999999156
9.100000000000698 18.200000000001396
-28.69999999999984 -57.39999999999968
29.00000000000098 58.00000000000196
-27.799999999999827 -55.59999999999965
-19.69999999999971 -39.39999999999942
35.900000000001086 71.80000000000217
-35.29999999999993 -70.59999999999987
-28.599999999999838 -57.199999999999676
-8.499999999999552 -16.999999999999105
-20.19999999999972 -40.39999999999944
10.800000000000722 21.600000000001444
24.400000000000915 48.80000000000183
11.800000000000736 23.600000000001472
31.90000000000103 63.80000000000206
-25.8999999999998 -51.7999999999996
26.400000000000944 52.80000000000189
-17.099999999999675 -34.19999999999935
-22.899999999999757 -45.799999999999514
11.40000000000073 22.80000000000146
-12.999999999999616 -25.999999999999233
-4.4999999999994955 -8.999999999998991
-9.399999999999565 -18.79999999999913
1.4000000000005883 2.8000000000011767
-8.599999999999554 -17.199999999999108
25.700000000000927 51.40000000000185
5.684341886080801e-13 1.1368683772161603e-12
20.000000000000853 40.000000000001705
24.30000000000092 48.60000000000184
-38.69999999999998 -77.39999999999996
26.80000000000095 53.6000000000019
-33.69999999999991 -67.39999999999982
-30.299999999999862 -60.599999999999724
-2.199999999999463 -4.399999999998926
-30.19999999999986 -60.39999999999972
-0.09999999999943299 -0.19999999999886597
38.20000000000111 76.40000000000222
-35.399999999999935 -70.79999999999987
37.30000000000109 74.60000000000218
-28.899999999999842 -57.799999999999685
29.500000000000995 59.00000000000199
25.000000000000924 50.00000000000185
8.800000000000693 17.600000000001387
5.500000000000647 11.000000000001293
28.500000000000966 57.00000000000193
26.500000000000938 53.000000000001876
31.00000000000101 62.00000000000202
7.000000000000668 14.000000000001336
2.000000000000597 4.000000000001194
-12.099999999999604 -24.199999999999207
22.200000000000884 44.40000000000177
-22.099999999999746 -44.19999999999949
-36.799999999999955 -73.59999999999991
-27.699999999999825 -55.39999999999965
-17.099999999999675 -34.19999999999935
36.900000000001086 73.80000000000217
-21.09999999999973 -42.19999999999946
3.6000000000006196 7.200000000001239
-38.39999999999998 -76.79999999999995
17.10000000000081 34.20000000000162
-7.59999999999954 -15.19999999999908
-34.99999999999993 -69.99999999999986
-19.799999999999713 -39.599999999999426
38.900000000001114 77.80000000000223
-3.699999999999484 -7.399999999998968
7.200000000000671 14.400000000001342
-36.59999999999995 -73.1999999999999
2.000000000000597 4.000000000001194
-37.69999999999997 -75.39999999999993
35.000000000001066 70.00000000000213
-17.999999999999687 -35.999999999999375
17.300000000000814 34.60000000000163
-22.899999999999757 -45.799999999999514
9.800000000000708 19.600000000001415
-34.49999999999992 -68.99999999999984
38.1000000000011 76.2000000000022
36.60000000000109 73.20000000000218
25.700000000000927 51.40000000000185
16.700000000000806 33.40000000000161
-12.49999999999961 -24.99999999999922
27.60000000000096 55.20000000000192
-36.99999999999996 -73.99999999999991
33.40000000000104 66.80000000000209
14.800000000000779 29.600000000001558
-4.199999999999491 -8.399999999998983
22.200000000000884 44.40000000000177
4.400000000000631 8.800000000001262
0.600000000000577 1.200000000001154
-21.199999999999733 -42.399999999999466
15.300000000000786 30.60000000000157
-13.19999999999962 -26.39999999999924
-9.899999999999572 -19.799999999999145
13.100000000000755 26.20000000000151
1.300000000000587 2.600000000001174
-15.39999999999965 -30.7999999999993
-3.2999999999994785 -6.599999999998957
-5.999999999999517 -11.999999999999034
-24.39999999999978 -48.79999999999956
1.2000000000005855 2.400000000001171
12.000000000000739 24.000000000001478
-7.59999999999954 -15.19999999999908
-25.19999999999979 -50.39999999999958
-22.29999999999975 -44.5999999999995
21.400000000000873 42.800000000001745
-29.799999999999855 -59.59999999999971
16.500000000000803 33.000000000001606
-31.799999999999883 -63.59999999999977
38.60000000000112 77.20000000000223
-29.599999999999852 -59.199999999999704
-21.499999999999737 -42.999999999999474
24.80000000000092 49.60000000000184
-34.799999999999926 -69.59999999999985
-5.799999999999514 -11.599999999999028
38.20000000000111 76.40000000000222
19.500000000000846 39.00000000000169
-21.899999999999743 -43.799999999999486
-21.199999999999733 -42.399999999999466
-25.8999999999998 -51.7999999999996
9.3000000000007 18.6000000000014
-12.59999999999961 -25.19999999999922
-17.299999999999677 -34.599999999999355
-10.799999999999585 -21.59999999999917
24.00000000000091 48.00000000000182
-34.699999999999925 -69.39999999999985
32.60000000000103 65.20000000000206
-12.59999999999961 -25.19999999999922
-33.0999999999999 -66.1999999999998
13.000000000000753 26.000000000001506
-23.399999999999764 -46.79999999999953
-16.999999999999673 -33.999999999999346
35.30000000000106 70.60000000000213
26.000000000000938 52.000000000001876
-34.89999999999993 -69.79999999999986
29.900000000001 59.800000000002
-24.49999999999978 -48.99999999999956
-25.9999999999998 -51.9999999999996
38.400000000001114 76.80000000000223
38.20000000000111 76.40000000000222
19.00000000000084 38.00000000000168
14.000000000000767 28.000000000001535
-12.49999999999961 -24.99999999999922
-23.599999999999767 -47.199999999999534
6.700000000000664 13.400000000001327
-15.999999999999659 -31.999999999999318
25.30000000000092 50.60000000000184
-20.799999999999727 -41.599999999999454
-35.89999999999994 -71.79999999999988
5.500000000000647 11.000000000001293
25.600000000000932 51.200000000001864
-32.19999999999989 -64.39999999999978
35.900000000001086 71.80000000000217
-7.499999999999538 -14.999999999999076
-26.199999999999804 -52.39999999999961
-5.099999999999504 -10.199999999999008
10.00000000000071 20.00000000000142
37.4000000000011 74.8000000000022
-38.79999999999998 -77.59999999999997
-1.1999999999994486 -2.3999999999988972
7.000000000000668 14.000000000001336
-13.499999999999623 -26.999999999999247
-39.9 -79.8
-4.999999999999503 -9.999999999999005
-35.79999999999994 -71.59999999999988
-13.499999999999623 -26.999999999999247
-19.999999999999716 -39.99999999999943
-37.39999999999996 -74.79999999999993
-5.099999999999504 -10.199999999999008
16.000000000000796 32.00000000000159
10.600000000000719 21.200000000001438
-35.09999999999993 -70.19999999999986
36.20000000000108 72.40000000000217
-16.499999999999666 -32.99999999999933
-38.79999999999998 -77.59999999999997
-26.199999999999804 -52.39999999999961
4.800000000000637 9.600000000001273
15.200000000000784 30.40000000000157
36.50000000000108 73.00000000000216
5.400000000000645 10.80000000000129
8.900000000000695 17.80000000000139
4.000000000000625 8.00000000000125
7.000000000000668 14.000000000001336
