465.46122728063654
427.87557513289084
427.1122825718336
394.3003179508007
414.68434352233965
427.6719837519233
425.4963309819439
385.11053311850003
396.15572299795883
382.8408808578585
349.48424618565235
303.60594203609617
366.3513528379419
378.29051409029864
336.05479082164436
404.85882221753377
383.8306782793847
385.1296281157616
396.79431723705056
389.7157744413115
371.70818791916975
365.6843068468135
400.3333980912526
417.7650186969695
414.2153556177394
414.21224646891676
421.25514761613624
420.1360618393519
403.12979168486345
412.1240439490763
384.0867192823566
429.3297529667343
400.0684485640524
403.56238765940736
415.94498557377364
430.7144827126496
419.14477696859194
415.9476742046033
399.4893303228729
405.4390038581643
425.9444785708277
408.6384834191994
393.2310447284105
409.6289603392552
411.71590721713153
418.99348615405506
401.0076509463505
417.6635477655535
406.0462736526764
400.06582867579067
402.9238587045626
406.0157755989147
410.9712001442023
400.3480323245217
401.16736686816085
421.5253059104334
428.78344753364837
409.16690948384684
421.68784930467007
395.2552123447386
429.7290349302285
397.06076020296115
424.9470003944997
415.6519903662628
410.8312835614787
418.2222433950128
416.4758824686197
430.02051393934363
403.0058979665663
388.4896188481304
402.66024918732904
403.6214514823952
392.92737814218816
418.467125530735
409.0483905536697
415.6243100173293
410.5235599329715
408.95747497647363
417.58519845551865
418.4510895147397
406.03344932710627
397.7239847295103
404.6402972982653
432.63927477874415
426.90147082510236
415.67636464657096
410.96662102739253
402.9546519277469
407.2442768411586
419.58196299832434
393.1624822524126
404.61164561516864
415.5364355104718
377.54030764631864
394.913377143856
409.93533571523903
403.24433110364146
408.50825789580455
393.89613801922826
394.2571366453785
385.91661903883204
381.9791477721046
399.15073779498545
403.5669089013157
413.3233945373111
413.6214702772451
415.48018837455294
407.1415317646022
421.30484414814293
401.69951130173587
407.46649781368916
414.869698583441
395.1815959662091
422.32655740961366
394.76411500993265
402.5074901020386
407.103503287399
414.35445935995705
416.1517131630873
398.25533419917747
406.2389776294252
426.27413495075024
406.9572718372565
410.3794423358049
403.87668250993323
410.5936569895233
390.56133468341
416.7244781841461
394.2391271587788
378.6341055284896
427.0075398104623
406.44184829515336
384.42233285269725
403.59391209556617
393.66203103866434
419.301892696648
395.5323779331087
417.1930830075456
424.166041307201
417.5390555891231
420.90706039690747
405.92786462952625
414.99926460678273
403.5424007160106
426.99732557237957
389.26165596204845
404.0108724309675
394.30978330246637
402.1258851672533
417.68195412599624
410.01625419180374
404.45798585196064
406.52332922490257
404.9564543294444
370.12214830949927
395.8584802027635
414.4383707936912
402.2849820479746
405.7793558697625
380.0847145791322
400.98735807153645
404.92484050585097
409.52458570000124
383.00204875066004
420.0654588824139
400.19577710235274
427.9200088116794
431.9339654960475
421.90389826960455
396.78138431201165
401.4309570744541
400.93754660006886
420.6052923095237
397.08826423140687
423.4297135664493
428.5792531851697
417.2650899935451
414.5661716603619
408.98784997988366
398.59401321603684
416.50727534567676
388.5201234271723
409.4903417102373
403.2657418989331
395.22382472708614
403.19266671816945
419.5129536374258
412.0467420443376
405.39825532941006
405.8705660555327
408.89710372908604
402.1500551125027
401.3863726114015
407.20245144981135
395.78348559757376
423.33824415131267
401.2643802222686
388.5050121105999
420.88068048693333
412.0848236804518
419.07854998470174
422.4236253736849
385.6111105946403
400.3393865129751
403.38603449455024
390.89933100728473
402.6242374127123
397.2192802660546
426.4462615958857
413.026613101802
404.3120816409966
428.0819863223928
414.83648433229394
414.4980742238692
404.7132834660598
403.7085891672881
410.3429100173901
393.8271012899672
407.98961879150113
415.08011565201423
425.0240743710061
433.37012840498585
422.5192327819982
397.6209450296002
402.25862568797504
377.6360929006181
381.4776016469681
385.0124016383174
397.04961474101333
410.2816201676061
409.74343808556733
396.8057046417717
414.0670369772938
409.6975999251655
412.1308831436048
397.3267320170758
419.6116658267107
402.18787265003806
424.56450922740123
403.9494809179813
414.3494742629
395.3538810899719
432.98986216248187
411.505024173379
418.91213161298776
398.2450257173989
418.5631226045448
430.2067861874081
407.5264760450542
408.583819117108
407.42624479491303
383.13643968556073
407.47873135198864
411.6407364121366
411.9125768586076
412.3588741031842
411.43662139343104
395.97957049986985
428.61371305951707
423.3749815271277
417.566379915471
420.17309406495815
397.88955618805073
411.09171932045103
414.3622038045809
429.8369011066219
377.145010160014
390.2022931576715
397.32964576731547
405.25142531434915
402.704597925828
421.1434509120131
400.2246780044752
403.4769564941802
406.9644728453341
398.0476597219588
410.06117044947104
409.9556303871391
402.39028737559926
410.53186946912456
406.4128351138671
424.5777327397633
413.2922985990891
428.12939907879553
381.1028615378916
429.3960819923844
423.5367282627197
406.38949287857787
407.7682179338393
405.8449956695046
419.92231378246424
394.6001947560177
397.740377852733
412.6019723455944
402.5794261753964
409.7930632186211
398.4009780625693
425.17577904258695
404.13324085614954
401.84438016628457
418.91778192568745
403.21524559897233
417.5861903192523
401.24662798868275
412.59002730098393
414.77350845030867
383.30277979042114
415.9601148681685
423.7781869870355
406.101209991175
405.7597624443876
420.62696673578637
419.1635322711857
414.11809160832064
407.81233004878663
413.50901455040713
402.0189552275921
411.8100660521767
415.58901892770825
392.64679190338853
389.5906137969582
398.68213276566416
428.16905848526295
407.91378595447327
416.0699887835631
425.8258654468547
418.9763340826289
403.08683748027823
410.9063994389406
402.464429117539
420.3613038977781
409.8091229045267
405.62297392740714
401.8541699258457
425.6131812753848
397.68715989857435
419.24398744432773
409.12140354793826
391.1053222202853
413.1148391416717
411.5186733761319
401.08190482617346
392.2536338550126
417.5893360944982
409.6933339514465
399.38902218629755
395.5475392986215
379.4876745728651
390.2727495450445
406.41331311655307
400.6964168933438
386.7310464035998
412.8079295859784
406.6360400119072
400.6913804277875
408.4381099141572
418.5427101727372
406.25434889382024
407.794427745716
387.8264405209724
401.4976220949606
399.32566496226383
409.1759726155393
418.19019159836097
418.8852965140359
425.80552677263256
416.9572268521979
380.535811566672
407.70974064525393
396.7082771951168
422.2677873637942
422.1550631703083
400.24948392840236
393.4901231263497
403.9623749157862
401.76847521030464
409.3587769711437
413.8303219003066
391.64422353377944
421.8759706158782
402.7752604472787
399.2704534116132
390.8038767839951
407.00489000408413
387.61160554043886
408.18050084220096
432.9360181425386
403.6015877439465
418.01497917910564
413.62013367840564
431.11050664063276
407.62441052917836
406.3191688807292
407.1841861203775
402.4680326170459
422.2152187434259
386.87908028146245
395.005870871232
433.2061120295563
414.53002872735004
395.1814143705343
414.38620898952433
412.1041093655373
418.14414817193745
425.90232637852785
384.7545594974531
413.78601976219016
408.6205368076294
400.5475018447266
406.25967497594405
402.7293113454582
403.9549236596669
398.1190441625532
393.95992869703207
389.80622907767787
415.0141347075895
401.73207293446495
420.9421965518444
422.8622026047686
420.76282312169604
393.20181541339036
404.6110485154779
393.943112234097
401.82481910673334
410.5780570421577
413.08976517333576
399.24497368490006
405.19132455803265
413.4177158645572
423.03291278885933
392.3472117675007
397.5825338266127
407.8299604641528
405.84739142100824
413.02443106293157
425.8912013309267
409.9039862512544
426.8078189641824
416.6978852556334
424.4416803787952
438.92145755568436
417.53870458957226
390.8025535095952
390.01308499996037
409.6057139250329
409.3830867988974
408.54329560680577
422.06423033186536
415.60787406043175
423.4084359046984
419.58375172295007
387.04639635441515
412.8109003380383
408.0287403306515
424.7425412764509
390.367378110233
406.7994206871802
400.896493725465
410.27240910753346
418.488032968466
418.14875911655975
402.28524888933333
394.2428505614122
410.2472884829508
433.2064484721051
385.85210386220996
411.35112627060937
403.7843357563494
400.83180329264366
410.27755415681685
401.9617989828891
401.54192634733045
398.96376099620153
423.58748565102104
398.7539069906567
404.4489105922042
417.69615418598414
408.1152619546944
421.9339543522324
412.53079130162325
417.03270027118515
398.54514236698435
412.1662976998306
427.0435864882455
383.8650777400919
432.97468488613214
434.01049355775194
413.78108409044063
400.4500705470888
407.7608031694578
412.21272717362734
425.6819295487577
414.8454575735829
398.21705812558196
398.55591116887416
406.2995336039891
422.18165905036585
390.9611801792768
393.4077428027289
432.74347844792476
413.8636402477958
419.5362892131202
404.1431462015938
419.3535357096728
420.5515046374946
403.14072464620506
411.82603757971776
426.2685030384565
416.6736413478802
431.4588850082614
414.71284927704056
431.3724389706168
399.3340003990448
416.42596517319873
408.76611540925035
425.65497109905647
412.5896505200408
408.7878693423059
407.862751640788
400.32078615639307
409.99940651499355
414.9599883671429
420.34605912561267
405.01337811665593
421.8403382388198
426.5023452579353
414.3222232780615
401.5380315707731
417.00537779916647
384.9148797715669
419.4228291459093
394.6786836910726
406.2203060615014
388.955027978282
422.204604727294
414.9139670226097
412.55188791966486
427.8624875543877
402.48831426767214
418.6600652322162
395.3028416225109
392.3368306398514
397.1788962225273
408.607273143705
421.7207234022885
417.91642412908766
403.91278423210645
412.1959147323881
404.9194786903813
402.48825382466356
400.6452906716445
399.28902092658655
401.87477730391794
408.91176435325235
422.27776991745156
407.0975531614748
408.63488686722854
430.7369782585987
419.8200739306374
412.5431256910185
418.78552363911166
407.30952181277564
409.7511770383411
395.4721409604871
407.4822434310574
396.2687234472919
401.6655098922358
415.4108250072256
409.008905064776
406.8457564922686
413.70646930215696
416.759059703207
428.88677307791585
397.6871168471231
428.2635484521943
404.0670535622586
406.7725579352107
411.26429451490515
399.4234711957788
420.6013110583428
432.21767293471567
399.08134454201434
394.8733743183687
432.17554629859717
400.3293974951544
395.35488472184636
396.1640459280324
432.32033817768405
386.04856207149834
386.8191742936424
396.46638920089947
416.1735171021366
418.54704482832386
383.84465272056707
419.139237171493
415.42983446528905
393.9725969117964
405.15366521561424
396.5139091508035
422.36559738592416
407.5071691678196
385.44790786726963
414.0367907957881
388.9263321675493
409.2453851901822
415.1034211891315
414.5322129982187
417.05462320000026
412.02929549902836
415.16564227245
418.8388237323138
402.00722538922645
407.765461480457
423.67677557271827
395.1754141607118
416.6409289393906
384.5633096454962
416.1317582879131
413.2385757212288
407.43869498627953
398.8787933313325
406.64372481209915
408.7873053064662
418.63682129829175
424.1770736958122
373.9664974543682
390.62879343696716
408.16046228968054
407.1476110239895
413.77317953464024
395.9269179878433
407.91689307768263
410.74360339259226
420.6601624280717
424.9839775595433
417.5649009093453
413.8290566367544
388.2717797053284
411.3059768739221
431.46671211058117
392.49021911523636
412.29195398467573
384.1419174913274
432.3013732499753
409.98824337551025
399.6124033530658
406.74830457166087
388.9401369957867
436.549527149984
397.9051485851003
418.65352144696226
419.4530910650475
402.611782048521
422.4269505393161
404.33132883807406
396.97600745887496
417.18871091454565
407.3650344251053
418.9864949749837
424.2486920303262
414.65753159128053
407.0518892815203
401.44743984933297
400.26977276724676
411.3591805953215
392.121930784895
395.2567897795145
423.087265163515
424.341033349512
389.22255378604086
399.5833398282278
399.31081586009
427.19495651336536
398.0317542816796
401.63978424999385
403.47287462290427
409.4687328143795
409.3150973482103
415.6204914390908
412.75467581958964
408.5437030725566
414.6621760713618
419.7912875570796
409.40695528248204
418.822826281827
399.9984972277079
430.215703671384
429.9823395448331
399.57929687491753
399.8634885907826
414.63950366316914
403.93852275854357
402.4570035157992
386.00721028974203
392.8987252769988
393.8550194106984
397.21598435948425
384.2108913681575
389.98417895956817
422.03350071168325
426.15833089647975
409.1603104253641
401.2585575209888
382.3459836344554
405.60509744287106
398.7263934498343
415.38540908349603
405.8801586962481
408.885627820305
426.5798620272064
404.7089837716813
440.34075666404
415.7019912067761
404.6162558081877
390.084672451223
424.77279064899705
421.75004008650774
410.6972267308104
430.9617980084739
396.7380639556526
407.68479905351535
411.9027254306645
388.5842902751822
422.4291899712619
402.0750569595433
398.58517060821003
412.7349964712192
415.3353813324109
411.2444004513237
396.0183425631901
431.41132547405067
401.6089115763946
409.18919916964626
409.1829718059527
428.91351916654077
391.0512478710782
426.0349580068032
418.91087537259165
386.0088553256731
391.97036696807993
410.6157272429392
403.5759445864561
396.9008308393956
421.6314044427046
421.045793094844
408.0914174198658
418.29219965353167
431.70368451416044
395.0758764441506
425.87451430357885
419.58195160200677
415.8135468569923
400.0071604018
419.17015962120905
399.08752890162543
405.0653568433502
432.8317942504972
395.56512963724947
419.9188436719659
402.3821454029822
406.574548721176
399.64889303556913
411.0466570539508
395.4835975466014
388.31975676323805
415.82019404725634
396.95213051879784
403.9773082043706
404.17908344354817
400.57630536789213
433.64073649585833
400.31989033362703
403.33740928568267
411.9583321729976
400.73407207150495
388.6808161337424
400.4540087124934
422.33709876601233
409.8403351072655
420.3516529384011
413.07466700097984
414.88660767549607
402.52791013086255
405.88475184780015
423.45948926402417
412.36246216627825
418.52675143860654
423.2738138860236
406.67296669227164
418.36988359408963
421.5572005674282
413.7353690115848
403.554693115403
438.0173272444769
381.8573365165022
398.58186974942765
400.5790296365904
407.9625873630321
394.7981690945504
399.26083186454616
414.63112735961505
412.20688671337695
407.879790801617
419.24306704812216
402.1374421556601
407.6865724353266
417.8767691318564
413.3798938103388
410.2346250411385
423.34214544836215
401.3908628853896
419.80509968083754
414.1250284893067
436.9225416101673
399.1541351829834
416.04552365694474
410.3100501927518
417.4549425605058
409.9376160132082
408.0754186766277
407.06910401256266
396.83443353830745
386.98718667109796
415.94701604386063
419.95047222806323
416.09711184295645
412.34660661764667
402.72776106379007
416.25570845943673
429.1982939233023
430.8229989732883
399.85753195631617
417.02629885336137
423.65384964893445
415.7889120890215
432.6251416190924
433.293494630407
404.4345132990978
417.40400514676014
407.78375010357894
409.02937533060896
397.81128253129134
406.0408879719821
379.85559786664805
407.1103588910562
400.87072304110404
407.39569469875175
411.03429379236456
387.5411285399467
426.2002020258092
401.00298391166746
402.25584805117813
400.27925985787476
417.80049993547544
432.6663437635875
419.8815077280002
400.4257411863113
405.42502906319976
404.7148096986872
420.1767352802517
415.3571492976359
389.0653556351023
399.8155506273275
408.6943503793684
433.55693852665627
391.14351310976394
415.92045433222165
393.9980506666026
396.2541006882034
419.9405143429373
413.2275221685357
426.66522300649933
405.65067469028793
410.5768182891883
410.1162680136358
399.635902339554
428.02344156512146
396.82091445586445
422.19717909403636
409.85252932385475
398.7232349387752
396.0065920596155
403.8357728063975
406.3478797972112
400.24311756052924
428.2457427262344
424.776268447028
406.7602229739562
413.52844749618714
413.1445014956477
407.09714611544695
409.0157906285162
390.1699121569007
410.9448257204018
423.9849056341367
401.90759670720377
403.62152111527143
417.4174048128989
407.8805773369985
401.09942969493056
412.0637940230571
410.4574875018528
389.74230164172485
411.73431365734194
402.0266438394025
408.80064736106
416.8318855664435
397.91024936758566
392.4584106416704
419.6519546918438
416.3132798515823
398.5885568111529
415.03344660803776
414.4162396911538
416.1612445960177
420.0051529868145
408.3311407907836
402.1060848258461
413.81261950664594
420.36444602809144
417.4752739558121
396.48731246214794
410.93922765061706
414.30405118175304
413.93057578087036
404.7372418555803
404.50953171158335
407.886548424582
382.165201010382
407.22248655564067
389.4222667111142
398.10749072348693
424.6449072296621
411.9036122132467
393.31954455218926
397.8020979054349
418.72601820613784
425.5472986685037
413.3967789081331
407.51068775477444
405.8860424426712
403.0591986552683
409.2362396150462
405.70245012246585
397.5794535329363
414.55085153317214
409.2469972477938
419.3135399884779
416.1533046705219
404.1804008629282
422.32094743679875
400.6235817616792
414.68616217682074
395.1660125961124
399.00456620274065
428.4017953588744
407.0329870014206
389.99883198473736
403.09354117359914
393.6661135541362
400.63010335217837
407.9729109385297
391.6315823169207
416.83739086967944
421.3364856525148
413.47983166448284
395.25345160472654
400.102879696189
387.02002755820905
391.7736293060242
413.6680183881367
420.3591799086582
419.6279425905951
395.88420827316185
405.0322958855609
423.2769476553449
427.9603016482735
421.6721862704121
421.1915006812343
427.8213909495356
413.29488957669764
410.848153355661
375.48990701099166
383.3081902086355
415.1547694466223
421.1046931813019
404.2026417828864
396.2515343262801
426.0743353205009
410.61088469904223
446.68185659309864
428.8913199185311
421.52702032803853
412.13648023625626
411.9765162236167
429.6195129718104
419.8380455607911
412.10315732673325
423.2135380758583
410.30807328255577
